# Synthetic signal.
# (c) Agile Scientific, licensed CC-BY.
# sample rate = 250 Hz
1.500000000000000000e+02
1.215813189515662742e+02
5.157257248557663587e+01
-2.472454653202976971e+01
-7.159398645865448430e+01
-7.063700955513111523e+01
-2.849833938691244128e+01
2.818674844191679796e+01
6.698425371788607663e+01
6.546909432307126053e+01
2.120927386580279261e+01
-4.806291040137264048e+01
-1.132823523690422292e+02
-1.472229569509479745e+02
-1.359756427296362915e+02
-8.404851838964505362e+01
-1.154237650109176272e+01
5.475102909890684089e+01
9.223395638595164314e+01
9.091718489742527254e+01
5.632779212928927848e+01
6.289704839207757914e+00
-3.667381307936267376e+01
-5.411949574032973942e+01
-3.833614983186737390e+01
5.348022726907835533e+00
6.106496437958034562e+01
1.084538452161469024e+02
1.298977827568020018e+02
1.164121164748664938e+02
7.033161524098524353e+01
4.163735229445050479e+00
-6.373124417561837163e+01
-1.150270396647208173e+02
-1.369386895931285153e+02
-1.257050186566017089e+02
-8.718151055138373806e+01
-3.465452985648732920e+01
1.516220239530365888e+01
4.655884208701240112e+01
4.850389101525333757e+01
1.720068583429246800e+01
-4.193222219131531858e+01
-1.124651796168811018e+02
-1.669631791091808850e+02
-1.728423539460764573e+02
-1.068510778146774953e+02
2.670088352666410003e+01
1.877547056855042342e+02
3.147359181846078400e+02
3.571548478623369647e+02
3.042414146918140432e+02
1.875174903176344969e+02
5.672702611520384153e+01
-4.981980088658011141e+01
-1.188592133892741316e+02
-1.558960813677428519e+02
-1.710576225335000231e+02
-1.699907773000567204e+02
-1.534454016107574716e+02
-1.214382783821491500e+02
-7.683380718149405197e+01
-2.612316168971840113e+01
2.208831952674982091e+01
5.946250938374684836e+01
8.005165353007356543e+01
8.159694788481816374e+01
6.584347611392233546e+01
3.795184510297944058e+01
5.234385786457647072e+00
-2.446584658129355461e+01
-4.440282685689684428e+01
-5.024202035020833534e+01
-4.082715772027742673e+01
-1.828666050122484421e+01
1.250049863870059852e+01
4.494181912427761461e+01
7.205033161681718923e+01
8.778829335259213451e+01
8.819053062019769129e+01
7.207726588847773996e+01
4.125019483233817397e+01
1.615741632954552642e-01
-4.486328331572961048e+01
-8.669926217058031170e+01
-1.185993650077089399e+02
-1.352802656989340448e+02
-1.337448800270334175e+02
-1.137231799145718583e+02
-7.767939361691887257e+01
-3.040397773312194829e+01
2.172884484949411288e+01
7.171152356227663915e+01
1.129117455436775685e+02
1.399898131482827921e+02
1.495979193016025022e+02
1.407735808805155671e+02
1.149883771889486184e+02
7.586393553769769937e+01
2.861245938027281355e+01
-2.070688961547633156e+01
-6.600552688590850892e+01
-1.019441705710983541e+02
-1.245728972281804943e+02
-1.317578590889580710e+02
-1.233530972719064209e+02
-1.011118461514865032e+02
-6.836558612489950804e+01
-2.952664910187230873e+01
1.051158719781473394e+01
4.699548321993002276e+01
7.587489910877098964e+01
9.424481850792243165e+01
1.006196248747076254e+02
9.501866766258467578e+01
7.886626835914420042e+01
5.473144497715984613e+01
2.594990560975437077e+01
-3.818376094837574897e+00
-3.103915474710532152e+01
-5.270810565724175234e+01
-6.666531424052378441e+01
-7.178998781784844141e+01
-6.806150987560424426e+01
-5.648943777503431107e+01
-3.892988981404651838e+01
-1.781741838795169386e+01
4.151128690037054980e+00
2.434157162037251965e+01
4.047893512660642301e+01
5.088425353996874634e+01
5.462929410533033092e+01
5.159753973917059255e+01
4.245076369390318405e+01
2.851018101306927477e+01
1.156741506796270258e+01
-6.359086057822619154e+00
-2.331258791408503939e+01
-3.772491311462255936e+01
-4.874246086933722211e+01
-5.639715863345574576e+01
-6.128942574006606492e+01
-6.344296484430074656e+01
-6.058941297629313993e+01
-4.740637515080021558e+01
-1.796084332931323146e+01
2.829909315524617597e+01
8.125833174906360057e+01
1.223775370965355762e+02
1.360195768714779661e+02
1.208491682643235663e+02
8.911470009367782552e+01
5.355189231056054666e+01
1.660977338354124555e+01
-2.542193986440182840e+01
-6.955336673713559037e+01
-1.020065268463061017e+02
-1.090661320847491567e+02
-9.028578162241032601e+01
-5.934273605404237628e+01
-3.279324513198292834e+01
-1.890928063207726240e+01
-1.559548671246518126e+01
-1.581888594872247467e+01
-1.371586459986348672e+01
-7.110698599631852801e+00
3.221076118055858473e+00
1.529883859032393012e+01
2.717120124102326884e+01
3.737747542352743579e+01
4.496799754521623527e+01
4.940235652587475101e+01
5.046117517539433095e+01
4.818858606838720959e+01
4.284854427011087097e+01
3.488185297145012953e+01
2.486013241160913978e+01
1.343836137484859350e+01
1.309296455167264339e+00
-1.083716081927769181e+01
-2.234757175554747022e+01
-3.263066936364910475e+01
-4.117543594393561079e+01
-4.756273122507180773e+01
-5.147223388429429747e+01
-5.268665387383996546e+01
-5.109498161189330290e+01
-4.669601446821508262e+01
-3.960263634013593048e+01
-3.004644882101759862e+01
-1.838150405300870815e+01
-5.085209013189732730e+00
9.245921745477346576e+00
2.390800818075462075e+01
3.811099403272825015e+01
5.101044684116687478e+01
6.175001144030787259e+01
6.951321947837234916e+01
7.358194637388989179e+01
7.339749367089901000e+01
6.861922953346964960e+01
5.917509630902203810e+01
4.529820932178662929e+01
2.754429226978034961e+01
6.785827630453560744e+00
-1.581951432302820848e+01
-3.888648978730664396e+01
-6.088389410582175998e+01
-8.023572515005695038e+01
-9.543524627280298489e+01
-1.051635256976719290e+02
-1.084028936068719275e+02
-1.045354149407177005e+02
-9.341701377098743819e+01
-7.541931319042245718e+01
-5.143349734389910566e+01
-2.283340202349242176e+01
8.601631188995042976e+00
4.080012576862981888e+01
7.154073933377215155e+01
9.861325952006221485e+01
1.199860615416754257e+02
1.339666436671697625e+02
1.393418571436689319e+02
1.354856137723862162e+02
1.224241299344859897e+02
1.008519895179467341e+02
7.209622677020095693e+01
3.802991843519398429e+01
9.410631087586569521e-01
-3.663356657838625097e+01
-7.209674447742571601e+01
-1.029863005617068836e+02
-1.271619613578844650e+02
-1.429681485112403152e+02
-1.493591939258424190e+02
-1.459764687503533764e+02
-1.331709195488748492e+02
-1.119691156957712934e+02
-8.398573246988195251e+01
-5.128999367146817434e+01
-1.623755867605081704e+01
1.871770270981838280e+01
5.121592507751009293e+01
7.917109120103884834e+01
1.009233764470682218e+02
1.153514615389659070e+02
1.219360057839325293e+02
1.207699824882887327e+02
1.125164535972304094e+02
9.831914472359099477e+01
7.967542376551938332e+01
5.828458468206959964e+01
3.588637967652734062e+01
1.410533472250670428e+01
-5.684528608042043629e+00
-2.246226517255023225e+01
-3.562107555785468804e+01
-4.498341143306614498e+01
-5.077039140993274913e+01
-5.353046431991599263e+01
-5.403637751712388138e+01
-5.316267008493025514e+01
-5.175779215422914348e+01
-5.052535704316083098e+01
-4.992791640298693068e+01
-5.012411886164311881e+01
-5.094642447790184292e+01
-5.192674891231142453e+01
-5.234558058296466498e+01
-5.134581334653302775e+01
-4.804040531818098714e+01
-4.166031053513589200e+01
-3.166668035281339044e+01
-1.787050945612230279e+01
-5.092964283234380218e-01
1.971623165729663185e+01
4.165424692538979201e+01
6.376569058643863031e+01
8.423871452307315622e+01
1.011485156415370597e+02
1.126532778574882059e+02
1.172123102425938725e+02
1.138067259629953583e+02
1.021353988449103554e+02
8.274829132557566425e+01
5.706394858668849679e+01
2.719979603807285784e+01
-4.456313788404603571e+00
-3.591961226780865957e+01
-6.623335079201490316e+01
-9.527434434445333977e+01
-1.217293000874596203e+02
-1.392271943729413977e+02
-1.334532519106445818e+02
-8.592183351538554348e+01
1.186077358045742614e+01
1.399208925750929211e+02
2.444139961200635867e+02
2.605492027789921394e+02
1.565352704180129990e+02
-3.452056271361340123e+01
-2.266466448196132148e+02
-3.335939207460201601e+02
-3.214570946869610566e+02
-2.208075024137058620e+02
-9.494714322185679123e+01
3.846814067672440274e+00
5.703902260504872856e+01
7.423067625858818985e+01
7.451033646161603485e+01
7.216537767346656551e+01
7.284644339592669837e+01
7.646277805879984157e+01
8.113267691963926609e+01
8.535746023014668538e+01
8.842056850276300395e+01
9.000257806845382902e+01
8.975987894674970846e+01
8.713579043688596926e+01
8.139365531367499784e+01
7.177936932656902513e+01
5.772633347917396662e+01
3.904098658298316593e+01
1.603037695922459704e+01
-1.044792738856029501e+01
-3.901811966600595838e+01
-6.789326180442385805e+01
-9.504114007456902868e+01
-1.183871085371019092e+02
-1.360292887569878530e+02
-1.464412087198182348e+02
-1.486370019779021163e+02
-1.422940162555013046e+02
-1.277828828109185366e+02
-1.061574144483619335e+02
-7.904535480500202027e+01
-4.850957104679743281e+01
-1.683568283700669710e+01
1.368482482964304481e+01
4.097468911434228289e+01
6.336582812746876670e+01
7.974817463695481479e+01
8.965641557361215064e+01
9.328552321270939274e+01
9.143389389541295031e+01
8.538103059437850106e+01
7.671409868790112796e+01
6.712350279123009500e+01
5.819119749663830277e+01
5.119632584751143156e+01
4.696084711790121702e+01
4.575326148371129165e+01
4.726185849446747511e+01
5.064085512679825030e+01
5.462426291111387400e+01
5.769431347187220638e+01
5.828471272435146489e+01
5.499466553373110145e+01
4.678804640296450401e+01
3.315350564671324918e+01
1.420556866847116595e+01
-9.286551947370512039e+00
-3.594740212006217916e+01
-6.391695267087982302e+01
-9.103278885318628966e+01
-1.150528317150027533e+02
-1.338935473748414893e+02
-1.458564127661128396e+02
-1.498163803976964346e+02
-1.453501490042383750e+02
-1.327887654583655888e+02
-1.131877006060859969e+02
-8.821706743395054673e+01
-5.998397240728119328e+01
-3.080700653849504533e+01
-2.968627755473008278e+00
2.152604750573910053e+01
4.115610162703148944e+01
5.503326968523125373e+01
6.297471614794363148e+01
6.549175359263821861e+01
6.369609188953309342e+01
5.913507109263665029e+01
5.357590774940500467e+01
4.876522764717348934e+01
4.619329028788754954e+01
4.689191847743554575e+01
5.129123726583681275e+01
5.915333254422908027e+01
6.959167288174815269e+01
8.117469737229578186e+01
9.210161359966328121e+01
1.004294366232994946e+02
1.043237486794604933e+02
1.023024014091059541e+02
9.344185808086558609e+01
7.752007179873731957e+01
5.507724998520872361e+01
2.738569241625827289e+01
-3.669068223756502434e+00
-3.578269045349878752e+01
-6.647945817109058453e+01
-9.338341063696540800e+01
-1.144806241517821093e+02
-1.283408445046560473e+02
-1.342713429907483658e+02
-1.323839427846277488e+02
-1.235666771975822655e+02
-1.093632210025014473e+02
-9.177464257107004642e+01
-7.300773478123181803e+01
-5.520096598588656889e+01
-4.016206773371142447e+01
-2.915002735148647162e+01
-2.272888895025341327e+01
-2.071191215871345292e+01
-2.220336727707087476e+01
-2.573295042973954239e+01
-2.946602211332464805e+01
-3.146310200147357605e+01
-2.995555220401446661e+01
-2.360201299103535177e+01
-1.169226896700243401e+01
5.728395413982596551e+00
2.783140534908496022e+01
5.307854997936937025e+01
7.938902511097012393e+01
1.043797543713368299e+02
1.256492609291244094e+02
1.410694418603919189e+02
1.490481797321556314e+02
1.487290481992968409e+02
1.401020611959013991e+02
1.240105417186229460e+02
1.020523540638600224e+02
7.638727837911559959e+01
4.947446448360129523e+01
2.377309418758785142e+01
1.444382326652991821e+00
-1.590684114300201912e+01
-2.741757362865318726e+01
-3.305494726070101308e+01
-3.359570999635836586e+01
-3.049930188311967072e+01
-2.569087885207927968e+01
-2.128256021552524757e+01
-1.926950653209525655e+01
-2.124103665128712493e+01
-2.814533844499822379e+01
-4.013957409526428677e+01
-5.654615936825367584e+01
-7.592211296284659738e+01
-9.623342944456813086e+01
-1.151123939452005374e+02
-1.301645006619667129e+02
-1.392846877193030082e+02
-1.409409331593083436e+02
-1.343871554337441694e+02
-1.197763733248364986e+02
-9.815806296297043332e+01
-7.135891615709782343e+01
-4.176173959019782700e+01
-1.201096123371746671e+01
1.531673315161284066e+01
3.803311724833842788e+01
5.460777877533538316e+01
6.434994707752886711e+01
6.747811629057056848e+01
6.506771423121575992e+01
5.888345651637675360e+01
5.111867430321655092e+01
4.407668238466074229e+01
3.983739460898927831e+01
3.995473625998224065e+01
4.522656334573164827e+01
5.556923006518023556e+01
7.001488955653847768e+01
8.683294042581694328e+01
1.037599957971969644e+02
1.183076846903722554e+02
1.281065889741784360e+02
1.312392331356642501e+02
1.265160850791969551e+02
1.136559249951321249e+02
9.334474844981892261e+01
6.716388181126211521e+01
3.739596120745120800e+01
6.734387531200983545e+00
-2.206454457482135822e+01
-4.653936162356572481e+01
-6.484171742650511305e+01
-7.597110157506112671e+01
-7.989303088655668716e+01
-7.752377657536709421e+01
-7.058317482160609302e+01
-6.133552541644208134e+01
-5.225441453393804636e+01
-4.565825166438735039e+01
